Protein,Peptied,charge,time,ionscore,corr_theo,corr_best_exp
DHPR_HUMAN,EGGLLTLAGAK,2,0,73.54,0.971448558226606,-1000
DHPR_HUMAN,EGGLLTLAGAK,2,1,63.27,0.986272622347326,-1000
DHPR_HUMAN,EGGLLTLAGAK,2,2,49.83,0.963287293700733,-1000
DHPR_HUMAN,EGGLLTLAGAK,2,3,69.41,0.99026617860899,-1000
DHPR_HUMAN,EGGLLTLAGAK,2,5,66.7,0.961158086889482,-1000
DHPR_HUMAN,EGGLLTLAGAK,2,6,63.31,0.98163435171678,-1000
DHPR_HUMAN,EGGLLTLAGAK,2,7,68.59,0.97661407831372,-1000
DHPR_HUMAN,EGGLLTLAGAK,2,8,51.95,0.981279814080456,-1000
DHPR_HUMAN,EGGLLTLAGAK,2,11,53.95,0.965853628514005,-1000
DHPR_HUMAN,EGGLLTLAGAK,2,12,69.15,0.993360988536409,-1000
DHPR_HUMAN,EGGLLTLAGAK,2,14,60.83,0.978140636973226,-1000
DHPR_HUMAN,EGGLLTLAGAK,2,16,60.55,0.963553123195788,-1000
DHPR_HUMAN,EGGLLTLAGAK,2,19,34.21,0.985510521008229,-1000
DHPR_HUMAN,EGGLLTLAGAK,2,10,0,0.990359075359582,0.986476886421565
DHPR_HUMAN,EGGLLTLAGAK,2,13,0,0.995555998941954,0.985260850774846
DHPR_HUMAN,EGGLLTLAGAK,2,15,0,0.99936938969716,0.993141775449873
DHPR_HUMAN,EGGLLTLAGAK,2,17,0,0.999387320105444,0.992080798141403
DHPR_HUMAN,EGGLLTLAGAK,2,18,0,0.999600912408312,0.992517133109152
DHPR_HUMAN,EGGLLTLAGAK,2,20,0,0.999195984478512,0.993086083899063
DHPR_HUMAN,EGGLLTLAGAK,2,21,0,0.999671775556624,0.992012862096477
DHPR_HUMAN,EGGLLTLAGAK,2,22,0,0.997778360645731,0.993712549795409
DHPR_HUMAN,EGGLLTLAGAK,2,23,0,0.999211528181669,0.993451474828645
DHPR_HUMAN,EGGLLTLAGAK,2,24,0,0.99883479658386,0.993375119768229
DHPR_HUMAN,EGGLLTLAGAK,2,25,0,0.998705499178299,0.993336785251664
DHPR_HUMAN,EGGLLTLAGAK,2,26,0,0.9983247890832,0.993088692037696
DHPR_HUMAN,EGGLLTLAGAK,2,27,0,0.998867977038289,0.992834099871873
DHPR_HUMAN,EGGLLTLAGAK,2,28,0,0.999190211113731,0.993455875148022
DHPR_HUMAN,EGGLLTLAGAK,2,29,0,0.998756668953866,0.993218291397721
DHPR_HUMAN,EGGLLTLAGAK,2,30,0,0.998688714360346,0.992981879751162
DHPR_HUMAN,EGGLLTLAGAK,2,31,0,0.999471876976107,0.991744610774205
DHPR_HUMAN,EGGLLTLAGAK,2,32,0,0.99946370421446,0.99310964327327
DHPR_HUMAN,EGGLLTLAGAK,2,33,0,0.999058675297931,0.993180022830208
DHPR_HUMAN,EGGLLTLAGAK,2,34,0,0.999280959867829,0.99329322546784
DHPR_HUMAN,EGGLLTLAGAK,2,35,0,0.998877075789335,0.992597292323499
DHPR_HUMAN,EGGLLTLAGAK,2,36,0,0.999199538899781,0.993410733035394
DHPR_HUMAN,EGGLLTLAGAK,2,37,0,0.999485528662604,0.99278077745648
DHPR_HUMAN,EGGLLTLAGAK,2,38,0,0.99862051544619,0.992922343718711
DHPR_HUMAN,EGGLLTLAGAK,2,39,0,0.99778719476883,0.992726988798502
DHPR_HUMAN,GAVHQLcQSLAGK,3,0,45.58,0.99351380575137,-1000
DHPR_HUMAN,GAVHQLcQSLAGK,3,1,40.12,0.997260948778303,-1000
DHPR_HUMAN,GAVHQLcQSLAGK,3,2,34.56,0.997400435966029,-1000
DHPR_HUMAN,GAVHQLcQSLAGK,3,3,37.72,0.992958267615431,-1000
DHPR_HUMAN,GAVHQLcQSLAGK,3,4,31.27,0.99897770538597,-1000
DHPR_HUMAN,GAVHQLcQSLAGK,3,5,44.8,0.987261749793077,-1000
DHPR_HUMAN,GAVHQLcQSLAGK,3,7,26.09,0.998600795159593,-1000
DHPR_HUMAN,GAVHQLcQSLAGK,3,18,35.06,0.868830035854608,-1000
DHPR_HUMAN,GAVHQLcQSLAGK,3,6,0,0.983544671354065,0.97890482194537
DHPR_HUMAN,GAVHQLcQSLAGK,3,8,0,0.985741441337425,0.978339057219827
DHPR_HUMAN,GAVHQLcQSLAGK,3,8,0,0.987623132264262,0.981983531725482
DHPR_HUMAN,GAVHQLcQSLAGK,3,10,0,0.988574678599036,0.985451617748158
DHPR_HUMAN,GAVHQLcQSLAGK,3,11,0,0.995751633323612,0.99514243915766
DHPR_HUMAN,GAVHQLcQSLAGK,3,12,0,0.942675358435218,0.931144777091423
DHPR_HUMAN,GAVHQLcQSLAGK,3,13,0,0.961118303636868,0.955725575178693
DHPR_HUMAN,GAVHQLcQSLAGK,3,14,0,0.945833792368193,0.955971314532184
DHPR_HUMAN,GAVHQLcQSLAGK,3,15,0,0.890466405720981,0.877672938981926
DHPR_HUMAN,GAVHQLcQSLAGK,3,16,0,0.996852027430401,0.994027870496785
DHPR_HUMAN,GAVHQLcQSLAGK,3,17,0,0.847051295370647,0.843337912956445
DHPR_HUMAN,GAVHQLcQSLAGK,3,19,0,0.792920293401389,0.779240033483307
DHPR_HUMAN,GAVHQLcQSLAGK,3,24,0,0.822481985382941,0.814071482456352
DHPR_HUMAN,GAVHQLcQSLAGK,3,25,0,0.978967352576929,0.972363958181892
DHPR_HUMAN,GAVHQLcQSLAGK,3,26,0,0.979120370194465,0.975125561095532
DHPR_HUMAN,GAVHQLcQSLAGK,3,27,0,0.994861506721919,0.990293847648879
DHPR_HUMAN,GAVHQLcQSLAGK,3,28,0,0.960913935963166,0.959398222586043
DHPR_HUMAN,GAVHQLcQSLAGK,3,30,0,0.958177860752629,0.961046425806901
DHPR_HUMAN,GAVHQLcQSLAGK,3,32,0,0.759373312604823,0.75883452730235
DHPR_HUMAN,GAVHQLcQSLAGK,3,34,0,0.963918773405681,0.966527724402262
DHPR_HUMAN,GAVHQLcQSLAGK,3,35,0,0.994251273965171,0.993468300052739
DHPR_HUMAN,GAVHQLcQSLAGK,3,37,0,0.955992493684813,0.94758505585965
DHPR_HUMAN,GAVHQLcQSLAGK,3,38,0,0.990926692791483,0.990300935585538
DHPR_HUMAN,GAVHQLcQSLAGK,3,39,0,0.977727068991639,0.977835488179629
DHPR_HUMAN,AALDGTPGMIGYGMAK,2,0,46.38,0.995992450807164,-1000
DHPR_HUMAN,AALDGTPGMIGYGMAK,2,1,50.66,0.977256703237644,-1000
DHPR_HUMAN,AALDGTPGMIGYGMAK,2,2,60.12,0.991048212584292,-1000
DHPR_HUMAN,AALDGTPGMIGYGMAK,2,3,68.18,0.994181709542102,-1000
DHPR_HUMAN,AALDGTPGMIGYGMAK,2,4,73.14,0.976090145154858,-1000
DHPR_HUMAN,AALDGTPGMIGYGMAK,2,5,64.15,0.997794083041309,-1000
DHPR_HUMAN,AALDGTPGMIGYGMAK,2,6,55.22,0.995790783725967,-1000
DHPR_HUMAN,AALDGTPGMIGYGMAK,2,7,65.18,0.99649203851374,-1000
DHPR_HUMAN,AALDGTPGMIGYGMAK,2,8,59.34,0.988001022300326,-1000
DHPR_HUMAN,AALDGTPGMIGYGMAK,2,8,41.07,0.991530237602833,-1000
DHPR_HUMAN,AALDGTPGMIGYGMAK,2,10,74.16,0.988210755101955,-1000
DHPR_HUMAN,AALDGTPGMIGYGMAK,2,11,57.16,0.981820245517934,-1000
DHPR_HUMAN,AALDGTPGMIGYGMAK,2,12,53.46,0.988995132557898,-1000
DHPR_HUMAN,AALDGTPGMIGYGMAK,2,13,68.39,0.988031970191768,-1000
DHPR_HUMAN,AALDGTPGMIGYGMAK,2,14,36.43,0.988935442793509,-1000
DHPR_HUMAN,AALDGTPGMIGYGMAK,2,15,68.75,0.991023080708731,-1000
DHPR_HUMAN,AALDGTPGMIGYGMAK,2,16,56.93,0.98988826031306,-1000
DHPR_HUMAN,AALDGTPGMIGYGMAK,2,17,55.99,0.986709379171835,-1000
DHPR_HUMAN,AALDGTPGMIGYGMAK,2,18,66.86,0.9891494624243,-1000
DHPR_HUMAN,AALDGTPGMIGYGMAK,2,19,53.72,0.983231004056856,-1000
DHPR_HUMAN,AALDGTPGMIGYGMAK,2,20,47.72,0.988017307953891,-1000
DHPR_HUMAN,AALDGTPGMIGYGMAK,2,21,60.37,0.982130667044771,-1000
DHPR_HUMAN,AALDGTPGMIGYGMAK,2,22,51.62,0.974253566877837,-1000
DHPR_HUMAN,AALDGTPGMIGYGMAK,2,23,56.91,0.991008708706238,-1000
DHPR_HUMAN,AALDGTPGMIGYGMAK,2,24,62.14,0.988339527805947,-1000
DHPR_HUMAN,AALDGTPGMIGYGMAK,2,25,68.5,0.998490440791431,-1000
DHPR_HUMAN,AALDGTPGMIGYGMAK,2,26,50.69,0.995582475264528,-1000
DHPR_HUMAN,AALDGTPGMIGYGMAK,2,27,69.28,0.996657332162764,-1000
DHPR_HUMAN,AALDGTPGMIGYGMAK,2,28,66.74,0.992718040226207,-1000
DHPR_HUMAN,AALDGTPGMIGYGMAK,2,31,45.45,0.995827122656486,-1000
DHPR_HUMAN,AALDGTPGMIGYGMAK,2,32,73.8,0.99664911800322,-1000
DHPR_HUMAN,AALDGTPGMIGYGMAK,2,33,72.59,0.992467556981808,-1000
DHPR_HUMAN,AALDGTPGMIGYGMAK,2,34,40.33,0.988077191428683,-1000
DHPR_HUMAN,AALDGTPGMIGYGMAK,2,35,63.15,0.98816567569342,-1000
DHPR_HUMAN,AALDGTPGMIGYGMAK,2,36,61.99,0.988711280070413,-1000
DHPR_HUMAN,AALDGTPGMIGYGMAK,2,37,56.68,0.993732764468079,-1000
DHPR_HUMAN,AALDGTPGMIGYGMAK,2,39,69.96,0.98317566287799,-1000
DHPR_HUMAN,VDAILcVAGGWAGGNAK,2,0,57.84,0.98953443777959,-1000
DHPR_HUMAN,VDAILcVAGGWAGGNAK,2,1,55.23,0.996423964432641,-1000
DHPR_HUMAN,VDAILcVAGGWAGGNAK,2,2,70.23,0.99382572296211,-1000
DHPR_HUMAN,VDAILcVAGGWAGGNAK,2,4,67.71,0.993897800365731,-1000
DHPR_HUMAN,VDAILcVAGGWAGGNAK,2,5,64.71,0.989624738578688,-1000
DHPR_HUMAN,VDAILcVAGGWAGGNAK,2,6,64.93,0.995141532412113,-1000
DHPR_HUMAN,VDAILcVAGGWAGGNAK,2,7,62.05,0.99500115051409,-1000
DHPR_HUMAN,VDAILcVAGGWAGGNAK,2,8,58.02,0.976631879630991,-1000
DHPR_HUMAN,VDAILcVAGGWAGGNAK,2,8,49.58,0.994553479087256,-1000
DHPR_HUMAN,VDAILcVAGGWAGGNAK,2,10,57.53,0.991058865458538,-1000
DHPR_HUMAN,VDAILcVAGGWAGGNAK,2,11,56.59,0.994571527377277,-1000
DHPR_HUMAN,VDAILcVAGGWAGGNAK,2,12,61.74,0.978594494103711,-1000
DHPR_HUMAN,VDAILcVAGGWAGGNAK,2,13,69.56,0.988984111203121,-1000
DHPR_HUMAN,VDAILcVAGGWAGGNAK,2,14,61.25,0.992616078619467,-1000
DHPR_HUMAN,VDAILcVAGGWAGGNAK,2,15,47.44,0.994328413890662,-1000
DHPR_HUMAN,VDAILcVAGGWAGGNAK,2,16,39.51,0.985886168593549,-1000
DHPR_HUMAN,VDAILcVAGGWAGGNAK,2,17,38.05,0.9904773395198,-1000
DHPR_HUMAN,VDAILcVAGGWAGGNAK,2,18,29.55,0.994871265720124,-1000
DHPR_HUMAN,VDAILcVAGGWAGGNAK,2,19,39.14,0.990424246722456,-1000
DHPR_HUMAN,VDAILcVAGGWAGGNAK,2,20,57.14,0.991422896658284,-1000
DHPR_HUMAN,VDAILcVAGGWAGGNAK,2,21,51.97,0.987427937648829,-1000
DHPR_HUMAN,VDAILcVAGGWAGGNAK,2,22,47.02,0.988758333452579,-1000
DHPR_HUMAN,VDAILcVAGGWAGGNAK,2,23,45.01,0.997094362044966,-1000
DHPR_HUMAN,VDAILcVAGGWAGGNAK,2,24,56.89,0.99062315386962,-1000
DHPR_HUMAN,VDAILcVAGGWAGGNAK,2,25,39.36,0.997867829413468,-1000
DHPR_HUMAN,VDAILcVAGGWAGGNAK,2,27,38.1,0.99144226786424,-1000
DHPR_HUMAN,VDAILcVAGGWAGGNAK,2,28,55.61,0.984559938612515,-1000
DHPR_HUMAN,VDAILcVAGGWAGGNAK,2,29,33.84,0.980691360218263,-1000
DHPR_HUMAN,VDAILcVAGGWAGGNAK,2,30,41.66,0.990843157738662,-1000
DHPR_HUMAN,VDAILcVAGGWAGGNAK,2,31,41.43,0.98262732757298,-1000
DHPR_HUMAN,VDAILcVAGGWAGGNAK,2,32,43.89,0.991116277397691,-1000
DHPR_HUMAN,VDAILcVAGGWAGGNAK,2,33,38.92,0.992403212980072,-1000
DHPR_HUMAN,VDAILcVAGGWAGGNAK,2,34,37.58,0.987537839892936,-1000
DHPR_HUMAN,VDAILcVAGGWAGGNAK,2,35,55.23,0.989642808687525,-1000
DHPR_HUMAN,VDAILcVAGGWAGGNAK,2,36,30.43,0.98937248095659,-1000
DHPR_HUMAN,VDAILcVAGGWAGGNAK,2,37,57.43,0.994008590358131,-1000
DHPR_HUMAN,VDAILcVAGGWAGGNAK,2,38,42.28,0.995846764256825,-1000
DHPR_HUMAN,VDAILcVAGGWAGGNAK,2,39,45.36,0.989441250164216,-1000
DHPR_HUMAN,NSGMPPGAAAIAVLPVTLDTPMNR,3,0,59.16,0.991038596946664,-1000
DHPR_HUMAN,NSGMPPGAAAIAVLPVTLDTPMNR,3,1,58.73,0.975615760739001,-1000
DHPR_HUMAN,NSGMPPGAAAIAVLPVTLDTPMNR,3,2,55.98,0.984800938900301,-1000
DHPR_HUMAN,NSGMPPGAAAIAVLPVTLDTPMNR,3,4,57.05,0.98222522725141,-1000
DHPR_HUMAN,NSGMPPGAAAIAVLPVTLDTPMNR,3,6,54.95,0.975560553229421,-1000
DHPR_HUMAN,NSGMPPGAAAIAVLPVTLDTPMNR,3,8,44.37,0.977773570886369,-1000
DHPR_HUMAN,NSGMPPGAAAIAVLPVTLDTPMNR,3,10,60.77,0.98788263506514,-1000
DHPR_HUMAN,NSGMPPGAAAIAVLPVTLDTPMNR,3,11,58.94,0.988106339914087,-1000
DHPR_HUMAN,NSGMPPGAAAIAVLPVTLDTPMNR,3,12,65.14,0.977115188400699,-1000
DHPR_HUMAN,NSGMPPGAAAIAVLPVTLDTPMNR,3,13,61.63,0.962824123368129,-1000
DHPR_HUMAN,NSGMPPGAAAIAVLPVTLDTPMNR,3,14,52.2,0.983653400092436,-1000
DHPR_HUMAN,NSGMPPGAAAIAVLPVTLDTPMNR,3,15,35.83,0.989410953177253,-1000
DHPR_HUMAN,NSGMPPGAAAIAVLPVTLDTPMNR,3,16,53.09,0.992274492659215,-1000
DHPR_HUMAN,NSGMPPGAAAIAVLPVTLDTPMNR,3,17,54.87,0.979048949637922,-1000
DHPR_HUMAN,NSGMPPGAAAIAVLPVTLDTPMNR,3,18,57.13,0.981217778803634,-1000
DHPR_HUMAN,NSGMPPGAAAIAVLPVTLDTPMNR,3,19,56.44,0.967620763990498,-1000
DHPR_HUMAN,NSGMPPGAAAIAVLPVTLDTPMNR,3,21,53.15,-0.161358392772636,-1000
DHPR_HUMAN,NSGMPPGAAAIAVLPVTLDTPMNR,3,22,56.67,-0.169370660590618,-1000
DHPR_HUMAN,NSGMPPGAAAIAVLPVTLDTPMNR,3,23,60.87,0.94319900097401,-1000
DHPR_HUMAN,NSGMPPGAAAIAVLPVTLDTPMNR,3,24,29.75,-0.157850570937837,-1000
DHPR_HUMAN,NSGMPPGAAAIAVLPVTLDTPMNR,3,25,58.38,-0.186762351524904,-1000
DHPR_HUMAN,NSGMPPGAAAIAVLPVTLDTPMNR,3,26,36.42,0.934945657116481,-1000
DHPR_HUMAN,NSGMPPGAAAIAVLPVTLDTPMNR,3,27,56.99,-0.219440818964308,-1000
DHPR_HUMAN,NSGMPPGAAAIAVLPVTLDTPMNR,3,28,60.32,0.984883551385513,-1000
DHPR_HUMAN,NSGMPPGAAAIAVLPVTLDTPMNR,3,29,67.64,0.972002355540957,-1000
DHPR_HUMAN,NSGMPPGAAAIAVLPVTLDTPMNR,3,30,52.89,0.955104659426408,-1000
DHPR_HUMAN,NSGMPPGAAAIAVLPVTLDTPMNR,3,31,51.94,-0.199247960854284,-1000
DHPR_HUMAN,NSGMPPGAAAIAVLPVTLDTPMNR,3,32,39.65,-0.163472467421533,-1000
DHPR_HUMAN,NSGMPPGAAAIAVLPVTLDTPMNR,3,33,56.64,-0.0924550011700526,-1000
DHPR_HUMAN,NSGMPPGAAAIAVLPVTLDTPMNR,3,34,37.06,-0.274601801411376,-1000
DHPR_HUMAN,NSGMPPGAAAIAVLPVTLDTPMNR,3,35,54.46,-0.138876198731091,-1000
DHPR_HUMAN,NSGMPPGAAAIAVLPVTLDTPMNR,3,36,61.52,0.984719710135856,-1000
DHPR_HUMAN,NSGMPPGAAAIAVLPVTLDTPMNR,3,38,37.27,-0.275425563152775,-1000
DHPR_HUMAN,NSGMPPGAAAIAVLPVTLDTPMNR,3,39,41.09,-0.21483596642085,-1000
DHPR_HUMAN,NSGMPPGAAAIAVLPVTLDTPMNR,3,3,0,0.990299935695123,0.99450359882475
DHPR_HUMAN,NSGMPPGAAAIAVLPVTLDTPMNR,3,5,0,0.947961396028146,0.955892685326817
DHPR_HUMAN,NSGMPPGAAAIAVLPVTLDTPMNR,3,7,0,0.984568627936514,0.976554953945286
DHPR_HUMAN,NSGMPPGAAAIAVLPVTLDTPMNR,3,8,0,0.987427286694577,0.982826874686182
DHPR_HUMAN,NSGMPPGAAAIAVLPVTLDTPMNR,3,37,0,0.891991990916929,0.910351462955379
DHPR_HUMAN,MTDSFTEQADQVTAEVGK,2,1,76.43,0.992518858920439,-1000
DHPR_HUMAN,MTDSFTEQADQVTAEVGK,2,2,74.59,0.987142171284007,-1000
DHPR_HUMAN,MTDSFTEQADQVTAEVGK,2,3,80.2,0.995900792300628,-1000
DHPR_HUMAN,MTDSFTEQADQVTAEVGK,2,4,82.61,0.991797013725006,-1000
DHPR_HUMAN,MTDSFTEQADQVTAEVGK,2,6,70.4,0.963946631795391,-1000
DHPR_HUMAN,MTDSFTEQADQVTAEVGK,2,8,103.23,0.993740659300534,-1000
DHPR_HUMAN,MTDSFTEQADQVTAEVGK,2,12,78.9,0.971103680878216,-1000
DHPR_HUMAN,MTDSFTEQADQVTAEVGK,2,14,106.18,0.994960400229065,-1000
DHPR_HUMAN,MTDSFTEQADQVTAEVGK,2,18,98.39,0.9871812743093,-1000
DHPR_HUMAN,MTDSFTEQADQVTAEVGK,2,20,67.07,0.993841491906165,-1000
DHPR_HUMAN,MTDSFTEQADQVTAEVGK,2,21,76.11,0.993098891345797,-1000
DHPR_HUMAN,MTDSFTEQADQVTAEVGK,2,22,82.73,0.97666735095612,-1000
DHPR_HUMAN,MTDSFTEQADQVTAEVGK,2,23,55.44,0.997061813671886,-1000
DHPR_HUMAN,MTDSFTEQADQVTAEVGK,2,24,90.99,0.990382222714979,-1000
DHPR_HUMAN,MTDSFTEQADQVTAEVGK,2,25,83.56,0.990153662743797,-1000
DHPR_HUMAN,MTDSFTEQADQVTAEVGK,2,26,59.05,0.988982865801393,-1000
DHPR_HUMAN,MTDSFTEQADQVTAEVGK,2,28,73.69,0.985672396775544,-1000
DHPR_HUMAN,MTDSFTEQADQVTAEVGK,2,29,74.26,0.997362947125786,-1000
DHPR_HUMAN,MTDSFTEQADQVTAEVGK,2,30,84.67,0.989626972262435,-1000
DHPR_HUMAN,MTDSFTEQADQVTAEVGK,2,31,53.94,0.993052962217273,-1000
DHPR_HUMAN,MTDSFTEQADQVTAEVGK,2,32,78.48,0.95345858583418,-1000
DHPR_HUMAN,MTDSFTEQADQVTAEVGK,2,33,83.66,0.988476061999235,-1000
DHPR_HUMAN,MTDSFTEQADQVTAEVGK,2,34,25.56,0.980140556098067,-1000
DHPR_HUMAN,MTDSFTEQADQVTAEVGK,2,36,86.97,0.980514666427005,-1000
DHPR_HUMAN,MTDSFTEQADQVTAEVGK,2,37,101.03,0.955695609415944,-1000
DHPR_HUMAN,MTDSFTEQADQVTAEVGK,2,38,94.93,0.96586666609862,-1000
DHPR_HUMAN,MTDSFTEQADQVTAEVGK,2,39,76.35,0.996309520813224,-1000
DHPR_HUMAN,MTDSFTEQADQVTAEVGK,2,0,0,0.987295675029024,0.98501256788618
DHPR_HUMAN,MTDSFTEQADQVTAEVGK,2,5,0,0.98308648981237,0.981164129066987
DHPR_HUMAN,MTDSFTEQADQVTAEVGK,2,7,0,0.992509270222549,0.995518927587051
DHPR_HUMAN,MTDSFTEQADQVTAEVGK,2,8,0,0.991576205145486,0.996621299263275
DHPR_HUMAN,MTDSFTEQADQVTAEVGK,2,10,0,0.982901607122338,0.980300603136276
DHPR_HUMAN,MTDSFTEQADQVTAEVGK,2,11,0,0.945942186431315,0.940679970401383
DHPR_HUMAN,MTDSFTEQADQVTAEVGK,2,13,0,0.917786053678407,0.937362900838953
DHPR_HUMAN,MTDSFTEQADQVTAEVGK,2,15,0,0.918956272855814,0.9324384571008

