proteinName,peptideSeq,charge,old_Rsquared,new_Rsquared,NDP,rateconstant,sigma,Abundance,MassToCharge,RMSE,selected_A1A0_count, selected_A2A0_count, selected_A2A1_count,improved_timePoints,new_k,I0_percentatediffI0_percentatediff,selected_io_t,i0,I0_asymptote,new_rmse,lowerci_old,upperci_old,sigma_old,lowerci_new,upperci_new,sigma_new,old_pearson,new_pearson
A16A1_MOUSE,VSSYVAEGGAK,2,0.653039303467758,0.83010621120904,8,0.0388,0.00685421181979291,5310411.33333333,534.27203,0.0437399647330577,4,0,2,0| 1| 2| 3| 21| 24,NaN,,0.578256282757| 0.520272694204464| 0.45561660603497| 0.425930648275932| NaN| NaN| 0.432687416497144| NaN| NaN| 0.346699653274757| 0.329915198308795| 0.291536099011804,0.578256282757,0.195730252273504,0.0306839844601908,0.0175792238651848,0.0600207761348152,0.00897426985527486,0.0239134318665387,0.0536865681334613,0.00629553220861874,0.853995255353021,0.932051601472279
A16A1_MOUSE,VQDQGQTLQVTGLR,2,0.904619554091743,0.948400362223154,6,0.28748,0.0455634261334578,1695877,771.91534,0.0260428665871934,0,3,1,2| 3| 21| 31,NaN,,0.435165310121162| NaN| 0.335793029740193| 0.203376749445262| NaN| NaN| 0.124378688764814| NaN| NaN| 0.105980202979227| NaN| 0.122811100202394,0.435165310121162,0.122003507041086,0.0198420840832627,0.118489475392315,0.456470524607685,0.0657401847014873,0.15872596336913,0.41623403663087,0.0500875073843668,0.95235431659572,0.977906973658548

