proteinName,peptideSeq,charge,old_Rsquared,new_Rsquared,NDP,rateconstant,sigma,Abundance,MassToCharge,RMSE,selected_A1A0_count, selected_A2A0_count, selected_A2A1_count,improved_timePoints,new_k,I0_percentatediffI0_percentatediff,selected_io_t,i0,I0_asymptote,new_rmse,lowerci_old,upperci_old,sigma_old,lowerci_new,upperci_new,sigma_new,old_pearson,new_pearson
HSPB7_MOUSE,LAADGTVMNTFAHK,3,0.784986798910557,0.933394713278208,12,0.1075,0.019526799826029,22437294.1,492.58188,0.044785872170687,4,1,5,0| 1| 3| 6| 7| 13| 16| 21| 24| 31,0.111078586542451,-0.0833289578073228|,0.467032659971759| 0.39318698934877| 0.343831480526698| 0.322095202425738| 0.237578106753611| 0.265486742711732| 0.249712055500594| 0.192880754777543| 0.187006192686961| 0.169310852882637| 0.155316053476895| 0.180620234913423,0.40924,0.132148057802647,0.0244017844754746,0.0626107376561145,0.152389262343885,0.0203950772521875,0.0830418829222785,0.131958117077722,0.0111123498404095,0.887533347728678,0.968195036983794
HSPB7_MOUSE,TLGDAYEFTVDMR,2,0.919112669004742,0.968791540778947,12,0.20702,0.0241373010529758,16812329,759.35065,0.0227544870194626,4,3,3,1| 3| 6| 7| 9| 13| 16| 21| 24| 31,0.250938217160902,-0.0103071440819828|0.0127654464162437|0.072542876696058|,0.414692096294582| 0.339455564651201| 0.331585822054856| 0.281470252455391| 0.200807969962481| 0.22135054983382| 0.184490753556414| 0.179193709670129| 0.162447645564711| 0.16902994532075| 0.161262227602613| 0.15775414084646,0.414692096294582,0.161669470281567,0.0146661639199569,0.158846989341727,0.255193010658273,0.0218870220303308,0.175970595536267,0.238069404463733,0.0141070485369316,0.964250293842388,0.990011766406055
HSPB7_MOUSE,DFSPEDIIVTTFNNHIEVR,3,0.122735812194031,0.460194294907256,12,0.03283,0.0132565994799804,17145584.5,749.37445,0.0697579959851559,0,5,4,0| 1| 3| 6| 9| 13| 16| 24| 31,0.0496300158859061,,0.233267013277562| 0.221284811393148| 0.258148817201586| 0.225074557948638| 0.181349250412863| 0.282498848188225| 0.223712529029089| 0.150194860380465| 0.0905580558180028| 0.161240955528728| 0.166138033256483| 0.0689439366857339,0.26949,0.0597016406302266,0.0454846579591446,0.00235501294905358,0.0633049870509464,0.0138460665805111,0.0129592404871174,0.0527007595128825,0.00902812062760666,0.455400856981968,0.785205006725596

