proteinName,peptideSeq,charge,old_Rsquared,new_Rsquared,NDP,rateconstant,sigma,Abundance,MassToCharge,RMSE,selected_A1A0_count, selected_A2A0_count, selected_A2A1_count,improved_timePoints,new_k,I0_percentatediffI0_percentatediff,selected_io_t,i0,I0_asymptote,new_rmse,lowerci_old,upperci_old,sigma_old,lowerci_new,upperci_new,sigma_new,old_pearson,new_pearson
DDX17_MOUSE,DWVLNEFR,2,0.767287285528872,0.861456744297169,3,0.30412,0.0620977435604142,14810570,539.76947,0.0184196166934956,1,1,0,0| 1,NaN,0.0464199754474131|,0.548678272964155| 0.460553328435251| 0.385801138238262| NaN| NaN| NaN| NaN| NaN| NaN| NaN| NaN| NaN,0.548678272964155,0.311787799776042,0.0123889520993886,0,1.37575058920959,0.249062765814265,0,1.05306619833914,0.174066150670456,0.994006625407964,0.999218590106543
DDX17_MOUSE,YLVLDEADR,2,-10.7461864515707,0.984310221370353,4,0.85996,0.720748111139171,14834676.25,547.27985,0.0756587605744771,1,2,1,0| 2| 16| 31,NaN,,0.562058834961204| NaN| 0.297039689118158| NaN| NaN| NaN| NaN| NaN| 0.225993357034797| NaN| NaN| 0.229657862894584,0.562058834961204,0.252376374638421,0.00995635288095307,0,17.7571853509854,5.30950838807408,0.256267678829659,1.46365232117034,0.189694424764414,0.359663480510057,0.999533608670088
DDX17_MOUSE,DMVGIAQTGSGK,2,-12.85187046152,-12.85187046152,2,0.01494,0.0764076087512975,2759249,582.28992,0.0245654735170449,0,0,0,,NaN,,0.429992565545732| 0.462327839888416| NaN| NaN| NaN| NaN| NaN| NaN| NaN| NaN| NaN| NaN,0.50581,0.179465054070787,0.0245654735170449,0,3.7285282906137,0.292265736917694,0,3.7285282906137,0.292265736917694,-1,-1
DDX17_MOUSE,APILIATDVASR,2,0.889538355423878,0.959517914525878,5,0.89583,0.105051995268789,50344232,613.85876,0.0201646395566457,2,1,2,0| 1| 2| 3| 7,NaN,,0.45741978860163| 0.276068994650701| 0.225905562342512| 0.180753566043513| NaN| 0.174584150376262| NaN| NaN| NaN| NaN| NaN| NaN,0.45741978860163,0.140910310000224,0.0134879721530083,0.39064083908205,1.40101916091795,0.181955393242028,0.557912859685075,1.23374714031493,0.121708561675198,0.994593338093457,0.997495546500866
DDX17_MOUSE,MLDMGFEPQIR,2,0.955685185007652,0.97089713971804,10,0.68059,0.0696723132800757,37909641,668.82306,0.016837076093845,3,0,2,1| 9| 13| 21| 24,NaN,0.0110328552031895|,0.453724313224744| 0.264455128712599| 0.234814449996913| 0.208042749252758| 0.166289823655996| NaN| 0.167535939367742| 0.156107231835387| 0.155696712342449| 0.158141041364729| 0.150456013480787| NaN,0.453724313224744,0.160984674889997,0.0138211469373952,0.593397778293423,0.767782221706577,0.0385438391066237,0.609016022351644,0.752163977648356,0.0316397016236509,0.981167197508166,0.988091896938276
DDX17_MOUSE,QTLMWSATWPK,2,0.930158430721931,0.955528428411857,7,1.22008,0.390447388108049,25680548.1428571,674.83954,0.0137816133363671,0,2,3,6| 7| 13| 24| 31,NaN,0.0466698560634746|-0.00881384752750822|-0.0447857035590146|,0.399615623999324| NaN| 0.251245230037618| NaN| 0.210667916464195| 0.196252718760248| NaN| 0.196253123633358| NaN| NaN| 0.196253123633358| 0.196253123633358,0.399615623999324,0.197160155787112,0.0112183650267899,1.12236205891553,1.31779794108447,0.0399352110064746,1.14053666164068,1.29962333835932,0.032507643594259,0.97748839121747,0.982367332515759
DDX17_MOUSE,GDGPIcLVLAPTR,2,0.755287096996611,0.988821430638777,7,0.93445,0.245712754328817,23505050,684.86884,0.0287308955019129,2,1,2,0| 6| 7| 16| 31,NaN,,0.471345564072497| 0.267682303553761| NaN| NaN| 0.160296320113617| 0.159444249653883| NaN| NaN| 0.143815059368331| 0.145435399878499| NaN| 0.168246535936213,0.471345564072497,0.159542730299527,0.00898392163689488,0.0841718432788131,1.78472815672119,0.347490309619862,0.668574808986968,1.20032519101303,0.108657445466582,0.975510017383754,0.99690366198964
DDX17_MOUSE,GTAYTFFTPGNLK,2,0.932918047867393,0.9595908492278,8,0.48304,0.0653935192610998,10189390.125,708.86151,0.0147072355180367,3,1,2,1| 6| 7| 9| 13| 31,NaN,0.00625499756729636|0.0180098457379723|-0.0154240157343272|,0.415754604692191| 0.347206254052031| 0.286777614377173| NaN| 0.22338242784566| 0.221533814215742| 0.238676733266658| 0.205775405397242| NaN| NaN| NaN| 0.223975403402862,0.415754604692191,0.205122717200017,0.011493938038143,0.288130456007116,0.677949543992884,0.0824272794759369,0.330715097135048,0.635364902864952,0.0644182274627494,0.984284409777518,0.991617914350819
DDX17_MOUSE,SSQSSSQQFSGIGR,2,0.682780835006861,0.968517470921274,12,0.21347,0.043255723668816,3795231.83333333,728.34479,0.0602297041868047,2,2,5,1| 3| 6| 9| 13| 16| 21| 24| 31,0.246224074823996,0.013602860028267|0.0197793369251946|,0.475721194599363| 0.405398740557159| 0.310715996945203| 0.269467092842929| 0.169041900001783| 0.155962908126793| 0.147468357991797| 0.101136251759988| 0.0963162405012504| 0.143148767345688| 0.0900094180373899| 0.111489870942534,0.475721194599363,0.0872924260648457,0.0219807396389913,0.120262822091899,0.306677177908101,0.0423479356673598,0.179454181098934,0.247485818901066,0.0154548152065625,0.908111193141,0.986200769911822
DDX17_MOUSE,ELAQQVQQVADDYGK,2,0.422731545153629,0.575735586014654,3,0.18748,0.069603671352197,2870141,846.41541,0.0342004475585296,0,0,1,2,NaN,,0.374877257824295| 0.314370296714674| 0.195509926148912| NaN| NaN| NaN| NaN| NaN| NaN| NaN| NaN| NaN,0.374877257824295,0.0687880752077452,0.0242652557281698,0,1.21357019859285,0.238478506875154,0,1.03949554578304,0.198020988282904,0.955465968445926,0.971438636830896
DDX17_MOUSE,GLDVEDVK,2,-0.650265866350132,-1.41747928731686,4,10.3647,3120546830246.99,57133575,437.72946,0.0774316407170742,0,0,4,3| 6| 7| 13,NaN,,NaN| NaN| NaN| 0.485790820872605| 0.463498504797495| 0.334484941237375| NaN| 0.392221977241368| NaN| NaN| NaN| NaN,NaN,NaN,0.0536752139397808,9.47160612179368,11.2577938782063,0.280631247981644,9.78634565382949,10.9430543461705,0.181732632931497,-2,-2
DDX17_MOUSE,QLAEDFLR,2,-16.0504237943315,-26.5447044895889,3,0.0272,0.00902706113586457,52782603.6666667,496.26398,0.0468523316652747,1,0,1,1| 31,NaN,,NaN| 0.475758750105194| NaN| NaN| NaN| NaN| NaN| 0.471637996640789| NaN| NaN| NaN| 0.449521185487655,NaN,NaN,0.0302321363078877,0,0.0979368223074949,0.0164402815543101,0,0.0694318440665496,0.00981530388789082,-0.995337946149386,0.930072431907946

