Protein,peptied,charge,t0_error,t31_error
TCPD_MOUSE,VIDPATATSVDLR,2,-4.7,-743.6
TCPD_MOUSE,ETLLNSATTSLNSK,2,-6.9,-1358.4
TCPD_MOUSE,ALIAGGGAPEIELALR,2,-4.4,-649.6

