protien,peptide,charge,rsquared,rateconstant,mo,io_e,io_a1a0,io_a2a0,io_a2a1
ATAD3_MOUSE,WSNFDPTGLER,2,0.923899781899494,0.0218,0.46096,0.469647543530875,0.464359176563956,0.452278799400569,0.436209491899771
ATAD3_MOUSE,QQQLLNEENLR,2,-0.342794224342295,0.10701,0.46303,0.348838526875143,0.322393095447627,0.345509863133304,0.372904985891237
ATAD3_MOUSE,GLLLFVDEADAFLR,2,0.92610212222681,0.03345,0.3849,0.413373370286784,0.411773255681353,0.399000307024029,0.383977157987185
ATAD3_MOUSE,LVSRPQDALEGVILSPSLEAR,3,0.486350454701456,0.02188,0.2735,0.33662691171582,0.34846008146151,0.291101150807261,0.225627761404853

