proteinName,peptideSeq,charge,old_Rsquared,new_Rsquared,NDP,rateconstant,sigma,Abundance,MassToCharge,RMSE,selected_A1A0_count, selected_A2A0_count, selected_A2A1_count,improved_timePoints,new_k,I0_percentatediffI0_percentatediff,selected_io_t,i0,I0_asymptote,new_rmse,lowerci_old,upperci_old,sigma_old,lowerci_new,upperci_new,sigma_new,old_pearson,new_pearson
SPRY4_MOUSE,ISVIHTLQTDFR,3,0.870293744291068,0.950821623689931,11,0.04678,0.00554932962192826,15434936.1111111,477.26477,0.0259745506497692,4,1,2,1| 2| 7| 9| 13| 16| 21,NaN,0.00377482941691197|0.038020833322277|-0.0161806514987314|,0.456239060993531| 0.481650600123039| 0.436653379800029| 0.424478315071412| 0.385728057231383| 0.378820359846017| 0.353340859657762| 0.315158368568102| 0.327122382870526| 0.291741800123343| 0.285279978042792| NaN,0.456239060993531,0.195435968899537,0.0136801636155539,0.0343306684790089,0.0592293315209911,0.00558732303126771,0.0402232401003656,0.0533367598996344,0.00294270704703697,0.953300862461075,0.977640579153782
SPRY4_MOUSE,GPVAPAFALWDGELLTHSGLEVPK,3,0.901602800472699,0.955023592080605,11,0.04666,0.00452745305586628,13417348.4,835.44434,0.0158049335053238,2,2,1,0| 1| 2| 9| 21,NaN,-0.0289649720708948|,0.233936297178703| 0.217511003921293| 0.216973759343999| 0.212957997440661| 0.181744690751765| 0.179180410327556| 0.153797077198473| 0.130167882795889| 0.111178718332015| 0.0952160652933585| 0.102279971388704| NaN,0.233936297178703,0.0280949129086569,0.0098707241210251,0.0356093752851379,0.0577106247148621,0.00495957633348732,0.0397585051035714,0.0535614948964286,0.00309742585937032,0.968598956221883,0.990585621029419

